248
332
333
334
331
335
336
337
150
338
339
340
152
341
342
343
160
344
345
346
162
347
348
349
154
178
350
351
352
180
353
354
355
249
168
356
357
358
169
359
360
361
170
362
363
364
171
365
366
367
172
368
369
370
174
371
372
373
176
277
374
375
376
279
276
377
378
379
278
167
380
381
382
144
143
135
79
3
383
384
385
78
9
386
387
388
134
173
389
390
391
175
177
392
393
394
179
395
396
397
105
398
399
400
149
401
402
403
151
404
405
406
113
95
94
86
71
250
70
33
407
408
409
85
159
410
411
412
75
161
413
414
415
74
153
112
416
417
418
419
420
421
422
423
424
425
426
427
428
429
430
431
432
433
434
435
436
437
438
439
440
441
442
443
444
445
446
447
448
449
450
451
452
453
454
455
456
457
458
459
460
461
462
463
464
465
466
467
468
469
470
471
472
473
474
475
476
477
478
479
480
481
482
483
484
485
486
487
488
489
490
491
492
493
494
495
496
497
498
499
500
501
502
503
504
505
506
507
508
509
510
511
512
513
514
515
516
517
518
519
520
521
522
523
524
525
526
527
528
529
530
531
532
533
534
535
536
537
538
539
540
541
542
543
544
545
546
547
548
549
550
551
552
553
554
555
556
557
558
559
560
561
562
563
564
565
566
567
568
569
570
571
572
573
574
575
576
577
578
579
580
581
582
583
584
585
586
587
588
589
590
591
592
593
66
594
595
596
597
