370
438
439
440
404
441
442
443
332
444
445
446
334
447
448
449
333
450
451
452
249
406
453
454
455
405
456
457
458
437
459
460
461
248
462
463
464
331
465
466
467
178
468
469
470
180
471
472
473
150
474
475
476
152
477
478
479
160
480
481
482
162
483
484
485
154
168
486
487
488
169
489
490
491
170
492
493
494
171
495
496
497
172
498
499
500
174
501
502
503
176
277
504
505
506
279
276
507
508
509
278
167
510
511
512
144
143
135
79
3
513
514
515
78
9
516
517
518
134
173
519
520
521
175
177
522
523
524
179
525
526
527
105
528
529
530
149
531
532
533
151
534
535
536
113
95
94
86
71
250
70
33
537
538
539
85
159
540
541
542
75
161
543
544
545
74
153
112
546
547
548
549
550
551
552
553
554
555
556
557
558
559
560
561
562
563
564
565
566
567
568
569
570
571
572
573
574
575
576
577
578
579
580
581
582
583
584
585
586
587
588
589
590
591
592
593
594
595
596
597
598
599
600
601
602
603
604
605
606
607
608
609
610
611
612
613
614
615
616
617
618
619
620
621
622
623
624
625
626
627
628
629
630
631
632
633
634
635
636
637
638
639
640
641
642
643
644
645
646
647
648
649
650
651
652
653
654
655
656
657
658
659
660
661
662
663
664
665
666
667
668
669
670
671
672
673
674
675
676
677
678
679
680
681
682
683
684
685
686
687
688
689
690
691
692
693
694
695
696
697
698
699
700
701
702
703
704
705
706
707
708
709
710
711
712
713
714
715
716
717
718
719
720
721
722
723
724
725
726
727
728
729
730
731
732
733
734
735
736
737
738
739
740
741
742
743
744
745
746
747
748
749
750
751
752
753
754
755
756
757
758
759
760
761
762
763
764
765
766
767
768
769
770
771
772
773
774
775
776
777
778
66
779
780
781
782
