0.868421052632
1.0
0.131578947368
1.0
0.00649350649351
1.0
0.993506493506
1.0
0.0943738656987
1.0
0.905626134301
1.0
0.070780399274
1.0
0.929219600726
1.0
0.583333333333
1.0
0.416666666667
1.0
1.0
0.2
1.0
0.8
1.0
0.118320610687
1.0
0.881679389313
1.0
0.445454545455
1.0
0.554545454545
1.0
0.968325791855
1.0
0.0316742081448
1.0
0.0121951219512
1.0
0.987804878049
1.0
0.0116959064327
1.0
0.988304093567
1.0
0.0121951219512
1.0
0.987804878049
1.0
0.0975609756098
1.0
0.90243902439
1.0
0.0012315270936
1.0
0.998768472906
1.0
0.941176470588
1.0
0.0588235294118
1.0
0.0125
1.0
0.9875
1.0
1.0
0.0113636363636
1.0
0.988636363636
1.0
0.00215053763441
1.0
0.997849462366
1.0
0.0123456790123
1.0
0.987654320988
1.0
0.010989010989
1.0
0.989010989011
1.0
0.010989010989
1.0
0.989010989011
1.0
0.010989010989
1.0
0.989010989011
1.0
1.0
0.0113636363636
1.0
0.988636363636
1.0
1.0
0.5
1.0
0.5
1.0
1.0
0.0181818181818
1.0
0.981818181818
1.0
1.0
1.0
1.0
1.0
0.5
1.0
0.5
1.0
1.0
0.5
1.0
0.5
1.0
1.0
0.0181818181818
1.0
0.981818181818
1.0
1.0
0.0222222222222
1.0
0.977777777778
1.0
0.0363636363636
1.0
0.963636363636
1.0
0.0036231884058
1.0
0.996376811594
1.0
0.952380952381
1.0
0.047619047619
1.0
0.0416666666667
1.0
0.958333333333
1.0
1.0
1.0
1.0
1.0
1.0
1.0
1.0
0.5
1.0
0.5
1.0
1.0
0.978260869565
1.0
0.0217391304348
1.0
1.0
0.333333333333
1.0
0.666666666667
1.0
1.0
1.0
1.0
0.548780487805
0.451219512195
1.0
1.0
0.0714285714286
0.928571428571
1.0
1.0
0.829787234043
0.170212765957
0.5
0.5
1.0
0.5
0.5
0.5
0.5
0.979020979021
0.020979020979
0.0769230769231
0.923076923077
1.0
1.0
1.0
0.030303030303
0.969696969697
1.0
1.0
1.0
0.978378378378
0.0216216216216
0.448621553885
0.551378446115
0.0123456790123
0.987654320988
0.0133333333333
0.986666666667
1.0
1.0
1.0
0.0833333333333
0.916666666667
1.0
1.0
0.751918158568
0.248081841432
0.00826446280992
0.99173553719
0.0192307692308
0.980769230769
1.0
0.9875
0.0125
0.333333333333
0.666666666667
0.5
0.5
0.666666666667
0.333333333333
0.980952380952
0.0190476190476
0.142857142857
0.857142857143
1.0
1.0
1.0
1.0
0.718181818182
0.281818181818
0.5
0.5
1.0
1.0
1.0
0.5
0.5
1.0
1.0
0.5
0.5
1.0
0.0113636363636
0.988636363636
0.5
0.5
0.5
0.5
1.0
1.0
0.0113636363636
0.988636363636
0.5
0.5
1.0
1.0
0.5
0.5
1.0
1.0
1.0
0.0232558139535
0.976744186047
1.0
0.53488372093
0.46511627907
1.0
0.0212765957447
0.978723404255
1.0
1.0
0.5
0.5
1.0
0.0425531914894
0.957446808511
1.0
0.0120481927711
0.0120481927711
0.975903614458
1.0
0.0666666666667
0.0666666666667
0.866666666667
1.0
0.0105263157895
0.0105263157895
0.978947368421
1.0
0.333333333333
0.333333333333
0.333333333333
1.0
0.333333333333
0.333333333333
0.333333333333
1.0
0.333333333333
0.333333333333
0.333333333333
1.0
0.0774193548387
0.00645161290323
0.916129032258
1.0
0.0294117647059
0.0294117647059
0.941176470588
1.0
1.0
1.0
0.134057971014
0.144927536232
0.721014492754
1.0
0.0769230769231
0.0769230769231
0.846153846154
1.0
0.0909090909091
0.213903743316
0.695187165775
1.0
0.25
0.25
0.5
1.0
0.0540540540541
0.00900900900901
0.936936936937
1.0
0.527272727273
0.472727272727
1.0
0.333333333333
0.333333333333
0.333333333333
1.0
0.333333333333
0.333333333333
0.333333333333
1.0
0.333333333333
0.333333333333
0.333333333333
1.0
0.0112359550562
0.0112359550562
0.977528089888
1.0
0.333333333333
0.333333333333
0.333333333333
1.0
0.954545454545
0.0227272727273
0.0227272727273
1.0
0.0208333333333
0.0208333333333
0.958333333333
1.0
0.13829787234
0.86170212766
1.0
0.5
0.5
0.5
0.5
0.172972972973
0.827027027027
1.0
0.0196078431373
0.980392156863
0.00356506238859
0.996434937611
0.00909090909091
0.990909090909
1.0
0.5
0.5
0.5
0.5
0.0113636363636
0.988636363636
0.522727272727
0.477272727273
0.541062801932
0.000966183574879
0.000966183574879
0.0840579710145
0.0898550724638
0.177777777778
0.105314009662
0.0135922330097
1.0
0.98640776699
1.0
1.0
