0.8
1.0
0.2
1.0
0.0192307692308
1.0
0.980769230769
1.0
0.166666666667
1.0
0.833333333333
1.0
0.970588235294
1.0
0.0294117647059
1.0
0.0238095238095
1.0
0.97619047619
1.0
0.00340136054422
1.0
0.996598639456
1.0
0.403225806452
1.0
0.596774193548
1.0
0.0169491525424
1.0
0.983050847458
1.0
0.14
1.0
0.86
1.0
0.02
1.0
0.98
1.0
0.2
1.0
0.8
1.0
0.00649350649351
1.0
0.993506493506
1.0
0.00649350649351
1.0
0.993506493506
1.0
0.8
1.0
0.2
1.0
0.962962962963
1.0
0.037037037037
1.0
0.875
1.0
0.125
1.0
0.333333333333
1.0
0.666666666667
1.0
0.0113636363636
1.0
0.988636363636
1.0
0.0113636363636
1.0
0.988636363636
1.0
0.5
1.0
0.5
1.0
0.952380952381
1.0
0.047619047619
1.0
0.0416666666667
1.0
0.958333333333
1.0
0.978260869565
1.0
0.0217391304348
1.0
0.333333333333
1.0
0.666666666667
1.0
1.0
0.00289855072464
1.0
0.997101449275
1.0
0.00840336134454
1.0
0.991596638655
1.0
1.0
0.025
1.0
0.975
1.0
1.0
0.2
1.0
0.8
1.0
1.0
1.0
0.968325791855
1.0
0.0316742081448
1.0
0.00215053763441
1.0
0.997849462366
1.0
0.0123456790123
1.0
0.987654320988
1.0
0.010989010989
1.0
0.989010989011
1.0
0.010989010989
1.0
0.989010989011
1.0
0.0121951219512
1.0
0.987804878049
1.0
1.0
0.0042735042735
1.0
0.995726495726
1.0
0.0121951219512
1.0
0.987804878049
1.0
0.0181818181818
1.0
0.981818181818
1.0
1.0
1.0
1.0
1.0
0.5
1.0
0.5
1.0
1.0
0.5
1.0
0.5
1.0
1.0
0.0181818181818
1.0
0.981818181818
1.0
1.0
0.0222222222222
1.0
0.977777777778
1.0
0.0208333333333
1.0
0.979166666667
1.0
0.00425531914894
1.0
0.995744680851
1.0
0.0263157894737
1.0
0.973684210526
1.0
0.0012315270936
1.0
0.998768472906
1.0
1.0
1.0
1.0
1.0
1.0
1.0
0.5
1.0
0.5
1.0
1.0
0.941176470588
1.0
0.0588235294118
1.0
1.0
0.0125
1.0
0.9875
1.0
1.0
1.0
1.0
0.96
0.04
0.2
0.8
1.0
1.0
1.0
1.0
1.0
0.830188679245
0.169811320755
0.545454545455
0.454545454545
0.0322580645161
0.967741935484
0.333333333333
0.666666666667
1.0
1.0
0.0192307692308
0.980769230769
1.0
0.0192307692308
0.980769230769
1.0
0.980769230769
0.0192307692308
0.0113636363636
0.988636363636
1.0
0.0113636363636
0.988636363636
0.53488372093
0.46511627907
1.0
0.0425531914894
0.957446808511
0.5
0.5
0.166666666667
0.833333333333
1.0
1.0
0.0769230769231
0.923076923077
1.0
1.0
1.0
0.576923076923
0.423076923077
1.0
1.0
0.333333333333
0.666666666667
1.0
1.0
1.0
0.478048780488
0.521951219512
0.025641025641
0.974358974359
0.0185185185185
0.981481481481
1.0
1.0
0.00340136054422
0.996598639456
0.333333333333
0.666666666667
1.0
1.0
0.976271186441
0.0237288135593
1.0
0.982456140351
0.0175438596491
0.25
0.75
1.0
1.0
1.0
1.0
1.0
0.610169491525
0.389830508475
0.979020979021
0.020979020979
0.0769230769231
0.923076923077
1.0
1.0
1.0
0.030303030303
0.969696969697
1.0
1.0
1.0
0.978378378378
0.0216216216216
0.348837209302
0.651162790698
0.2
0.8
0.2
0.8
1.0
1.0
0.423913043478
0.576086956522
0.111111111111
0.888888888889
1.0
0.222222222222
0.777777777778
0.989795918367
0.0102040816327
0.666666666667
0.333333333333
1.0
1.0
0.5
0.5
1.0
0.5
0.5
0.5
0.5
1.0
0.5
0.5
1.0
0.45652173913
0.54347826087
0.0833333333333
0.916666666667
0.0526315789474
0.947368421053
1.0
1.0
0.00840336134454
0.991596638655
0.25
0.75
1.0
1.0
0.99173553719
0.00826446280992
1.0
0.5
0.5
0.5
0.5
0.5
0.5
1.0
1.0
1.0
0.5
0.5
1.0
1.0
0.5
0.5
1.0
1.0
1.0
1.0
0.5
0.5
1.0
1.0
1.0
1.0
1.0
0.5
0.5
1.0
0.0740740740741
0.0185185185185
0.907407407407
0.924528301887
0.0754716981132
1.0
1.0
0.0377358490566
0.566037735849
0.396226415094
1.0
1.0
1.0
1.0
1.0
0.0112359550562
0.0112359550562
0.977528089888
1.0
0.976744186047
0.0232558139535
1.0
0.0212765957447
0.978723404255
1.0
1.0
0.333333333333
0.333333333333
0.333333333333
0.333333333333
0.333333333333
0.333333333333
0.142857142857
0.142857142857
0.714285714286
1.0
0.0714285714286
0.0714285714286
0.857142857143
1.0
0.0555555555556
0.0555555555556
0.888888888889
1.0
0.0126582278481
0.0126582278481
0.974683544304
1.0
0.25
0.25
0.5
1.0
0.0125
0.0125
0.975
1.0
0.179661016949
0.128813559322
0.691525423729
1.0
0.25
0.25
0.5
1.0
0.00338983050847
0.996610169492
1.0
0.5
0.5
0.05
0.0166666666667
0.933333333333
0.0169491525424
0.983050847458
1.0
1.0
0.0774193548387
0.00645161290323
0.916129032258
1.0
0.0294117647059
0.0294117647059
0.941176470588
1.0
1.0
1.0
0.0430107526882
0.0430107526882
0.913978494624
1.0
0.1
0.1
0.8
1.0
1.0
1.0
1.0
0.5
0.5
0.333333333333
0.333333333333
0.333333333333
1.0
1.0
1.0
0.15
0.0916666666667
0.758333333333
1.0
0.2
0.2
0.6
1.0
1.0
1.0
0.333333333333
0.333333333333
0.333333333333
1.0
0.333333333333
0.333333333333
0.333333333333
1.0
0.333333333333
0.333333333333
0.333333333333
1.0
0.333333333333
0.333333333333
0.333333333333
1.0
0.0188679245283
0.981132075472
1.0
0.0192307692308
0.980769230769
0.0192307692308
0.980769230769
0.0113636363636
0.988636363636
0.522727272727
0.477272727273
0.5
0.5
0.5
0.5
0.705882352941
0.294117647059
1.0
0.0253164556962
0.974683544304
1.0
0.00677966101695
0.993220338983
0.00338983050847
0.996610169492
0.0169491525424
0.983050847458
1.0
0.172972972973
0.827027027027
1.0
0.0808080808081
0.919191919192
0.020202020202
0.979797979798
0.5
0.5
0.5
0.5
0.5
0.5
0.0247933884298
0.97520661157
0.00826446280992
0.99173553719
0.5
0.5
0.5
0.5
0.000959692898273
0.000959692898273
0.176583493282
0.0748560460653
0.282149712092
0.0499040307102
0.0489443378119
0.000959692898273
0.0556621880998
0.0834932821497
0.0153550863724
0.0940499040307
0.115163147793
0.000959692898273
0.0135922330097
1.0
0.98640776699
1.0
1.0
