0.946153846154
1.0
0.0538461538462
1.0
0.0906432748538
1.0
0.909356725146
1.0
0.0975609756098
1.0
0.90243902439
1.0
0.0012315270936
1.0
0.998768472906
1.0
0.941176470588
1.0
0.0588235294118
1.0
0.0125
1.0
0.9875
1.0
1.0
0.0617283950617
1.0
0.938271604938
1.0
0.0976430976431
1.0
0.902356902357
1.0
1.0
0.0113636363636
1.0
0.988636363636
1.0
0.00215053763441
1.0
0.997849462366
1.0
0.0123456790123
1.0
0.987654320988
1.0
0.010989010989
1.0
0.989010989011
1.0
0.010989010989
1.0
0.989010989011
1.0
0.010989010989
1.0
0.989010989011
1.0
1.0
0.0113636363636
1.0
0.988636363636
1.0
1.0
0.5
1.0
0.5
1.0
1.0
0.0181818181818
1.0
0.981818181818
1.0
1.0
1.0
1.0
1.0
0.5
1.0
0.5
1.0
1.0
0.5
1.0
0.5
1.0
1.0
0.0181818181818
1.0
0.981818181818
1.0
1.0
0.127272727273
1.0
0.872727272727
1.0
0.0363636363636
1.0
0.963636363636
1.0
0.0036231884058
1.0
0.996376811594
1.0
0.952380952381
1.0
0.047619047619
1.0
0.0416666666667
1.0
0.958333333333
1.0
1.0
1.0
1.0
1.0
1.0
1.0
1.0
0.5
1.0
0.5
1.0
1.0
0.978260869565
1.0
0.0217391304348
1.0
1.0
0.333333333333
1.0
0.666666666667
1.0
1.0
1.0
1.0
0.448621553885
0.551378446115
0.0123456790123
0.987654320988
0.0133333333333
0.986666666667
1.0
1.0
1.0
0.0833333333333
0.916666666667
1.0
1.0
0.751918158568
0.248081841432
0.00826446280992
0.99173553719
0.0192307692308
0.980769230769
1.0
0.9875
0.0125
0.333333333333
0.666666666667
0.666666666667
0.333333333333
0.877300613497
0.122699386503
0.0555555555556
0.944444444444
1.0
1.0
1.0
0.0222222222222
0.977777777778
1.0
1.0
0.0188679245283
0.981132075472
0.0169491525424
0.983050847458
0.00540540540541
0.994594594595
1.0
0.883959044369
0.116040955631
1.0
0.0106382978723
0.989361702128
0.829787234043
0.170212765957
1.0
0.5
0.5
1.0
1.0
1.0
0.5
0.5
0.5
0.5
0.5
0.5
0.0113636363636
0.988636363636
0.5
0.5
0.5
0.5
1.0
1.0
0.0113636363636
0.988636363636
0.5
0.5
1.0
1.0
0.5
0.5
1.0
1.0
1.0
0.0232558139535
0.976744186047
1.0
0.53488372093
0.46511627907
1.0
0.0212765957447
0.978723404255
1.0
1.0
0.5
0.5
1.0
0.0425531914894
0.957446808511
1.0
0.134057971014
0.144927536232
0.721014492754
1.0
0.0769230769231
0.0769230769231
0.846153846154
1.0
0.0909090909091
0.213903743316
0.695187165775
1.0
0.25
0.25
0.5
1.0
0.0495626822157
0.00291545189504
0.947521865889
1.0
0.0217391304348
0.0217391304348
0.95652173913
1.0
0.625850340136
0.197278911565
0.176870748299
1.0
0.0105263157895
0.0105263157895
0.978947368421
1.0
0.333333333333
0.333333333333
0.333333333333
1.0
0.333333333333
0.333333333333
0.333333333333
1.0
0.333333333333
0.333333333333
0.333333333333
1.0
0.0112359550562
0.0112359550562
0.977528089888
1.0
0.333333333333
0.333333333333
0.333333333333
1.0
0.954545454545
0.0227272727273
0.0227272727273
1.0
0.0208333333333
0.0208333333333
0.958333333333
1.0
0.0196078431373
0.980392156863
0.00356506238859
0.996434937611
0.114285714286
0.885714285714
0.241558441558
0.758441558442
0.5
0.5
0.5
0.5
0.0113636363636
0.988636363636
0.522727272727
0.477272727273
0.0843023255814
0.000968992248062
0.372093023256
0.542635658915
0.0135922330097
1.0
0.98640776699
1.0
1.0
