L 370
L 438
L 439
L 440
A 2 0 1
A 2 2 3
O 2 2 4 5
L 404
L 441
L 442
L 443
A 2 7 8
A 2 9 10
O 2 2 11 12
L 332
L 444
L 445
L 446
A 2 14 15
A 2 16 17
O 2 2 18 19
L 334
L 447
L 448
L 449
A 2 21 22
A 2 23 24
O 2 2 25 26
L 333
L 450
L 451
L 452
A 2 28 29
A 2 30 31
O 2 2 32 33
L 249
L 406
L 453
L 454
L 455
A 2 36 37
A 2 38 39
O 2 2 40 41
L 405
L 456
L 457
L 458
A 2 43 44
A 2 45 46
O 2 2 47 48
L 437
L 459
L 460
L 461
A 2 50 51
A 2 52 53
O 2 2 54 55
L 248
L 462
L 463
L 464
A 2 57 58
A 2 59 60
O 2 2 61 62
L 331
L 465
L 466
L 467
A 2 64 65
A 2 66 67
O 2 2 68 69
L 178
L 468
L 469
L 470
A 2 71 72
A 2 73 74
O 2 2 75 76
L 180
L 471
L 472
L 473
A 2 78 79
A 2 80 81
O 2 2 82 83
L 150
L 474
L 475
L 476
A 2 85 86
A 2 87 88
O 2 2 89 90
L 152
L 477
L 478
L 479
A 2 92 93
A 2 94 95
O 2 2 96 97
L 160
L 480
L 481
L 482
A 2 99 100
A 2 101 102
O 2 2 103 104
L 162
L 483
L 484
L 485
A 2 106 107
A 2 108 109
O 2 2 110 111
L 154
L 168
L 486
L 487
L 488
A 2 114 115
A 2 116 117
O 2 2 118 119
L 169
L 489
L 490
L 491
A 2 121 122
A 2 123 124
O 2 2 125 126
L 170
L 492
L 493
L 494
A 2 128 129
A 2 130 131
O 2 2 132 133
L 171
L 495
L 496
L 497
A 2 135 136
A 2 137 138
O 2 2 139 140
L 172
L 498
L 499
L 500
A 2 142 143
A 2 144 145
O 2 2 146 147
L 174
L 501
L 502
L 503
A 2 149 150
A 2 151 152
O 2 2 153 154
L 176
L 277
L 504
L 505
L 506
A 2 157 158
A 2 159 160
O 2 2 161 162
L 279
L 276
L 507
L 508
L 509
A 2 165 166
A 2 167 168
O 2 2 169 170
L 278
L 167
L 510
L 511
L 512
A 2 173 174
A 2 175 176
O 2 2 177 178
L 144
L 143
L 135
L 79
L 3
L 513
L 514
L 515
A 2 184 185
A 2 186 187
O 2 2 188 189
L 78
L 9
L 516
L 517
L 518
A 2 192 193
A 2 194 195
O 2 2 196 197
L 134
L 173
L 519
L 520
L 521
A 2 200 201
A 2 202 203
O 2 2 204 205
L 175
L 177
L 522
L 523
L 524
A 2 208 209
A 2 210 211
O 2 2 212 213
L 179
L 525
L 526
L 527
A 2 215 216
A 2 217 218
O 2 2 219 220
L 105
L 528
L 529
L 530
A 2 222 223
A 2 224 225
O 2 2 226 227
L 149
L 531
L 532
L 533
A 2 229 230
A 2 231 232
O 2 2 233 234
L 151
L 534
L 535
L 536
A 2 236 237
A 2 238 239
O 2 2 240 241
L 113
L 95
L 94
L 86
L 71
L 250
L 70
L 33
L 537
L 538
L 539
A 2 250 251
A 2 252 253
O 2 2 254 255
L 85
L 159
L 540
L 541
L 542
A 2 258 259
A 2 260 261
O 2 2 262 263
L 75
L 161
L 543
L 544
L 545
A 2 266 267
A 2 268 269
O 2 2 270 271
L 74
L 153
L 112
L 546
A 2 191 127 276
L 547
A 2 183 6 278
O 2 2 277 279
L 548
A 2 156 70 281
L 549
A 2 84 77 283
L 550
A 2 191 190 285
L 551
A 2 183 179 287
O 2 2 286 288
L 552
A 2 207 206 290
L 553
A 2 221 214 292
L 554
A 2 273 112 294
L 555
A 2 265 105 296
O 2 2 295 297
L 556
A 2 191 127 299
L 557
A 2 183 120 301
O 2 2 300 302
L 558
A 2 156 155 304
L 559
A 2 273 242 306
L 560
A 2 265 235 308
O 2 2 307 309
L 561
A 2 273 272 311
L 562
A 2 265 264 313
O 2 2 312 314
L 563
A 2 191 127 316
L 564
A 2 183 42 318
O 2 2 317 319
L 565
A 2 191 190 321
L 566
A 2 183 141 323
O 2 2 322 324
L 567
A 2 199 148 326
L 568
A 2 156 49 328
L 569
A 2 13 77 330
L 570
A 2 191 190 332
L 571
A 2 183 179 334
O 2 2 333 335
L 572
A 2 207 206 337
L 573
A 2 221 214 339
L 574
A 2 257 228 341
L 575
A 2 273 98 343
L 576
A 2 265 91 345
O 2 2 344 346
L 577
A 2 191 127 348
L 578
A 2 183 63 350
O 2 2 349 351
L 579
A 2 191 190 353
L 580
A 2 183 134 355
O 2 2 354 356
L 581
A 2 191 190 358
L 582
A 2 183 141 360
O 2 2 359 361
L 583
A 2 199 148 363
L 584
A 2 156 155 365
L 585
A 2 27 20 367
L 586
A 2 191 190 369
L 587
A 2 183 179 371
O 2 2 370 372
L 588
A 2 207 206 374
L 589
A 2 221 34 376
L 590
A 2 249 35 378
L 591
A 2 247 35 380
O 2 2 379 381
L 592
A 2 249 35 383
L 593
A 2 247 35 385
O 2 2 384 386
L 594
A 2 249 35 388
L 595
A 2 247 35 390
O 2 2 389 391
L 596
A 2 257 228 393
L 597
A 2 273 98 395
L 598
A 2 265 91 397
O 2 2 396 398
L 599
A 2 249 35 400
L 600
A 2 247 35 402
O 2 2 401 403
L 601
A 2 249 35 405
L 602
A 2 247 35 407
O 2 2 406 408
L 603
A 2 273 112 410
L 604
A 2 265 105 412
O 2 2 411 413
L 605
A 2 191 127 415
L 606
A 2 183 42 417
O 2 2 416 418
L 607
A 2 191 190 420
L 608
A 2 183 141 422
O 2 2 421 423
L 609
A 2 199 148 425
L 610
A 2 156 49 427
L 611
A 2 56 77 429
L 612
A 2 247 248 431
L 613
A 2 273 98 433
L 614
A 2 265 91 435
O 2 2 434 436
L 615
A 2 191 127 438
L 616
A 2 183 63 440
O 2 2 439 441
L 617
A 2 156 70 443
L 618
A 2 84 77 445
L 619
A 2 257 228 447
L 620
A 2 273 98 449
L 621
A 2 265 91 451
O 2 2 450 452
L 622
A 2 243 113 454
L 623
A 2 249 248 456
L 624
A 2 273 112 458
L 625
A 2 265 105 460
O 2 2 459 461
L 626
A 2 275 113 463
L 627
A 2 191 127 465
L 628
A 2 183 120 467
O 2 2 466 468
L 629
A 2 191 190 470
L 630
A 2 183 134 472
O 2 2 471 473
L 631
A 2 191 190 475
L 632
A 2 183 141 477
O 2 2 476 478
L 633
A 2 199 148 480
L 634
A 2 156 155 482
L 635
A 2 172 171 484
L 636
A 2 164 163 486
O 2 2 485 487
L 637
A 2 191 190 489
L 638
A 2 183 179 491
O 2 2 490 492
L 639
A 2 182 180 494
L 640
A 2 182 181 496
L 641
A 2 191 190 498
L 642
A 2 183 190 500
O 2 2 499 501
L 643
A 2 199 198 503
L 644
A 2 207 206 505
L 645
A 2 221 214 507
L 646
A 2 249 248 509
L 647
A 2 247 248 511
O 2 2 510 512
L 648
A 2 257 228 514
L 649
A 2 273 242 516
L 650
A 2 265 235 518
O 2 2 517 519
L 651
A 2 243 274 521
L 652
A 2 249 248 523
L 653
A 2 247 248 525
O 2 2 524 526
L 654
A 2 246 244 528
L 655
A 2 246 245 530
L 656
A 2 249 248 532
L 657
A 2 247 248 534
O 2 2 533 535
L 658
A 2 257 256 537
L 659
A 2 273 272 539
L 660
A 2 265 264 541
O 2 2 540 542
L 661
A 2 275 274 544
L 662
A 2 481 479 546
L 663
A 2 497 474 548
L 664
A 2 495 280 550
O 2 2 547 549 551
L 665
A 2 284 282 553
L 666
A 2 504 502 555
L 667
A 2 497 502 557
L 668
A 2 495 289 559
O 2 2 556 558 560
L 669
A 2 293 291 562
L 670
A 2 538 432 564
L 671
A 2 531 432 566
L 672
A 2 529 432 568
O 2 2 565 567 569
L 673
A 2 464 298 571
L 674
A 2 481 479 573
L 675
A 2 497 474 575
L 676
A 2 495 303 577
O 2 2 574 576 578
L 677
A 2 446 305 580
L 678
A 2 448 409 582
L 679
A 2 531 409 584
L 680
A 2 529 409 586
O 2 2 583 585 587
L 681
A 2 522 310 589
L 682
A 2 538 409 591
L 683
A 2 531 409 593
L 684
A 2 529 409 595
O 2 2 592 594 596
L 685
A 2 545 315 598
L 686
A 2 327 325 600
L 687
A 2 497 474 602
L 688
A 2 495 320 604
O 2 2 601 603 605
L 689
A 2 331 329 607
L 690
A 2 504 502 609
L 691
A 2 497 502 611
L 692
A 2 495 336 613
O 2 2 610 612 614
L 693
A 2 340 338 616
L 694
A 2 342 432 618
L 695
A 2 455 347 620
L 696
A 2 364 362 622
L 697
A 2 497 357 624
L 698
A 2 495 352 626
O 2 2 623 625 627
L 699
A 2 368 366 629
L 700
A 2 504 502 631
L 701
A 2 497 502 633
L 702
A 2 495 373 635
O 2 2 632 634 636
L 703
A 2 377 375 638
L 704
A 2 394 392 640
L 705
A 2 531 387 642
L 706
A 2 529 382 644
O 2 2 641 643 645
L 707
A 2 455 399 647
L 708
A 2 538 409 649
L 709
A 2 531 409 651
L 710
A 2 529 404 653
O 2 2 650 652 654
L 711
A 2 464 414 656
L 712
A 2 426 424 658
L 713
A 2 497 474 660
L 714
A 2 495 419 662
O 2 2 659 661 663
L 715
A 2 430 428 665
L 716
A 2 531 432 667
L 717
A 2 529 432 669
O 2 2 668 670
L 718
A 2 455 437 672
L 719
A 2 481 479 674
L 720
A 2 497 474 676
L 721
A 2 495 442 678
O 2 2 675 677 679
L 722
A 2 446 444 681
L 723
A 2 448 457 683
L 724
A 2 531 457 685
L 725
A 2 529 457 687
O 2 2 684 686 688
L 726
A 2 455 453 690
L 727
A 2 538 457 692
L 728
A 2 531 457 694
L 729
A 2 529 457 696
O 2 2 693 695 697
L 730
A 2 464 462 699
L 731
A 2 481 479 701
L 732
A 2 497 474 703
L 733
A 2 495 469 705
O 2 2 702 704 706
L 734
A 2 488 483 708
L 735
A 2 504 502 710
L 736
A 2 497 502 712
L 737
A 2 495 493 714
O 2 2 711 713 715
L 738
A 2 508 506 717
L 739
A 2 515 513 719
L 740
A 2 531 536 721
L 741
A 2 529 536 723
O 2 2 720 722 724
L 742
A 2 522 520 726
L 743
A 2 538 536 728
L 744
A 2 531 536 730
L 745
A 2 529 527 732
O 2 2 729 731 733
L 746
A 2 545 543 735
L 747
A 2 563 561 737
L 748
A 2 554 552 739
O 2 2 738 740
L 749
A 2 572 570 742
L 750
A 2 718 716 744
L 751
A 2 581 579 746
O 2 2 745 747
L 752
A 2 599 597 749
L 753
A 2 590 588 751
O 2 2 750 752
L 754
A 2 617 615 754
L 755
A 2 608 606 756
O 2 2 755 757
L 756
A 2 621 619 759
L 757
A 2 639 637 761
L 758
A 2 630 628 763
O 2 2 762 764
L 759
A 2 657 655 766
L 760
A 2 648 646 768
O 2 2 767 769
L 761
A 2 718 716 771
L 762
A 2 666 664 773
O 2 2 772 774
L 763
A 2 673 671 776
L 764
A 2 718 716 778
L 765
A 2 682 680 780
O 2 2 779 781
L 766
A 2 700 698 783
L 767
A 2 691 689 785
O 2 2 784 786
L 768
A 2 718 716 788
L 769
A 2 709 707 790
O 2 2 789 791
L 770
A 2 736 734 793
L 771
A 2 727 725 795
O 2 2 794 796
L 772
A 2 770 765 798
L 773
A 2 753 748 800
L 774
A 2 787 782 802
L 775
A 2 797 792 804
L 776
A 2 743 741 806
L 777
A 2 760 758 808
L 778
A 2 777 775 810
O 2 2 799 801 803 805 807 809 811
L 66
L 779
L 780
L 781
A 2 813 814
A 2 815 816
O 2 2 817 818
L 782
A 2 819 812 820
