L 248
L 332
L 333
L 334
A 2 0 1
A 2 2 3
O 2 2 4 5
L 331
L 335
L 336
L 337
A 2 7 8
A 2 9 10
O 2 2 11 12
L 150
L 338
L 339
L 340
A 2 14 15
A 2 16 17
O 2 2 18 19
L 152
L 341
L 342
L 343
A 2 21 22
A 2 23 24
O 2 2 25 26
L 160
L 344
L 345
L 346
A 2 28 29
A 2 30 31
O 2 2 32 33
L 162
L 347
L 348
L 349
A 2 35 36
A 2 37 38
O 2 2 39 40
L 154
L 178
L 350
L 351
L 352
A 2 43 44
A 2 45 46
O 2 2 47 48
L 180
L 353
L 354
L 355
A 2 50 51
A 2 52 53
O 2 2 54 55
L 249
L 168
L 356
L 357
L 358
A 2 58 59
A 2 60 61
O 2 2 62 63
L 169
L 359
L 360
L 361
A 2 65 66
A 2 67 68
O 2 2 69 70
L 170
L 362
L 363
L 364
A 2 72 73
A 2 74 75
O 2 2 76 77
L 171
L 365
L 366
L 367
A 2 79 80
A 2 81 82
O 2 2 83 84
L 172
L 368
L 369
L 370
A 2 86 87
A 2 88 89
O 2 2 90 91
L 174
L 371
L 372
L 373
A 2 93 94
A 2 95 96
O 2 2 97 98
L 176
L 277
L 374
L 375
L 376
A 2 101 102
A 2 103 104
O 2 2 105 106
L 279
L 276
L 377
L 378
L 379
A 2 109 110
A 2 111 112
O 2 2 113 114
L 278
L 167
L 380
L 381
L 382
A 2 117 118
A 2 119 120
O 2 2 121 122
L 144
L 143
L 135
L 79
L 3
L 383
L 384
L 385
A 2 128 129
A 2 130 131
O 2 2 132 133
L 78
L 9
L 386
L 387
L 388
A 2 136 137
A 2 138 139
O 2 2 140 141
L 134
L 173
L 389
L 390
L 391
A 2 144 145
A 2 146 147
O 2 2 148 149
L 175
L 177
L 392
L 393
L 394
A 2 152 153
A 2 154 155
O 2 2 156 157
L 179
L 395
L 396
L 397
A 2 159 160
A 2 161 162
O 2 2 163 164
L 105
L 398
L 399
L 400
A 2 166 167
A 2 168 169
O 2 2 170 171
L 149
L 401
L 402
L 403
A 2 173 174
A 2 175 176
O 2 2 177 178
L 151
L 404
L 405
L 406
A 2 180 181
A 2 182 183
O 2 2 184 185
L 113
L 95
L 94
L 86
L 71
L 250
L 70
L 33
L 407
L 408
L 409
A 2 194 195
A 2 196 197
O 2 2 198 199
L 85
L 159
L 410
L 411
L 412
A 2 202 203
A 2 204 205
O 2 2 206 207
L 75
L 161
L 413
L 414
L 415
A 2 210 211
A 2 212 213
O 2 2 214 215
L 74
L 153
L 112
L 416
A 2 135 71 220
L 417
A 2 127 6 222
O 2 2 221 223
L 418
A 2 135 134 225
L 419
A 2 127 78 227
O 2 2 226 228
L 420
A 2 135 134 230
L 421
A 2 127 85 232
O 2 2 231 233
L 422
A 2 143 92 235
L 423
A 2 100 99 237
L 424
A 2 56 49 239
L 425
A 2 135 134 241
L 426
A 2 127 123 243
O 2 2 242 244
L 427
A 2 151 150 246
L 428
A 2 165 158 248
L 429
A 2 193 57 250
L 430
A 2 191 57 252
O 2 2 251 253
L 431
A 2 193 57 255
L 432
A 2 191 57 257
O 2 2 256 258
L 433
A 2 193 57 260
L 434
A 2 191 57 262
O 2 2 261 263
L 435
A 2 201 172 265
L 436
A 2 217 27 267
L 437
A 2 209 20 269
O 2 2 268 270
L 438
A 2 193 57 272
L 439
A 2 191 57 274
O 2 2 273 275
L 440
A 2 217 41 277
L 441
A 2 209 34 279
O 2 2 278 280
L 442
A 2 135 71 282
L 443
A 2 127 6 284
O 2 2 283 285
L 444
A 2 135 134 287
L 445
A 2 127 85 289
O 2 2 288 290
L 446
A 2 143 92 292
L 447
A 2 100 13 294
L 448
A 2 56 49 296
L 449
A 2 135 134 298
L 450
A 2 127 123 300
O 2 2 299 301
L 451
A 2 151 150 303
L 452
A 2 165 158 305
L 453
A 2 193 192 307
L 454
A 2 191 192 309
O 2 2 308 310
L 455
A 2 193 192 312
L 456
A 2 191 192 314
O 2 2 313 315
L 457
A 2 193 192 317
L 458
A 2 191 192 319
O 2 2 318 320
L 459
A 2 201 172 322
L 460
A 2 217 27 324
L 461
A 2 209 20 326
O 2 2 325 327
L 462
A 2 187 42 329
L 463
A 2 193 192 331
L 464
A 2 191 192 333
O 2 2 332 334
L 465
A 2 217 41 336
L 466
A 2 209 34 338
O 2 2 337 339
L 467
A 2 219 42 341
L 468
A 2 135 71 343
L 469
A 2 127 64 345
O 2 2 344 346
L 470
A 2 100 99 348
L 471
A 2 56 49 350
L 472
A 2 201 172 352
L 473
A 2 217 186 354
L 474
A 2 209 179 356
O 2 2 355 357
L 475
A 2 193 57 359
L 476
A 2 191 57 361
O 2 2 360 362
L 477
A 2 217 216 364
L 478
A 2 209 208 366
O 2 2 365 367
L 479
A 2 135 71 369
L 480
A 2 127 64 371
O 2 2 370 372
L 481
A 2 135 134 374
L 482
A 2 127 78 376
O 2 2 375 377
L 483
A 2 135 134 379
L 484
A 2 127 85 381
O 2 2 380 382
L 485
A 2 143 92 384
L 486
A 2 100 99 386
L 487
A 2 116 115 388
L 488
A 2 108 107 390
O 2 2 389 391
L 489
A 2 135 134 393
L 490
A 2 127 123 395
O 2 2 394 396
L 491
A 2 126 124 398
L 492
A 2 126 125 400
L 493
A 2 135 134 402
L 494
A 2 127 134 404
O 2 2 403 405
L 495
A 2 143 142 407
L 496
A 2 151 150 409
L 497
A 2 165 158 411
L 498
A 2 193 192 413
L 499
A 2 191 192 415
O 2 2 414 416
L 500
A 2 201 172 418
L 501
A 2 217 186 420
L 502
A 2 209 179 422
O 2 2 421 423
L 503
A 2 187 218 425
L 504
A 2 193 192 427
L 505
A 2 191 192 429
O 2 2 428 430
L 506
A 2 190 188 432
L 507
A 2 190 189 434
L 508
A 2 193 192 436
L 509
A 2 191 192 438
O 2 2 437 439
L 510
A 2 201 200 441
L 511
A 2 217 216 443
L 512
A 2 209 208 445
O 2 2 444 446
L 513
A 2 219 218 448
L 514
A 2 236 234 450
L 515
A 2 401 229 452
L 516
A 2 399 224 454
O 2 2 451 453 455
L 517
A 2 240 238 457
L 518
A 2 408 406 459
L 519
A 2 401 406 461
L 520
A 2 399 245 463
O 2 2 460 462 464
L 521
A 2 249 247 466
L 522
A 2 266 264 468
L 523
A 2 435 259 470
L 524
A 2 433 254 472
O 2 2 469 471 473
L 525
A 2 330 271 475
L 526
A 2 442 363 477
L 527
A 2 435 363 479
L 528
A 2 433 276 481
O 2 2 478 480 482
L 529
A 2 342 281 484
L 530
A 2 293 291 486
L 531
A 2 401 378 488
L 532
A 2 399 286 490
O 2 2 487 489 491
L 533
A 2 297 295 493
L 534
A 2 408 406 495
L 535
A 2 401 406 497
L 536
A 2 399 302 499
O 2 2 496 498 500
L 537
A 2 306 304 502
L 538
A 2 323 321 504
L 539
A 2 435 316 506
L 540
A 2 433 311 508
O 2 2 505 507 509
L 541
A 2 330 328 511
L 542
A 2 442 440 513
L 543
A 2 435 440 515
L 544
A 2 433 335 517
O 2 2 514 516 518
L 545
A 2 342 340 520
L 546
A 2 385 383 522
L 547
A 2 401 378 524
L 548
A 2 399 347 526
O 2 2 523 525 527
L 549
A 2 351 349 529
L 550
A 2 353 363 531
L 551
A 2 435 363 533
L 552
A 2 433 363 535
O 2 2 532 534 536
L 553
A 2 426 358 538
L 554
A 2 442 363 540
L 555
A 2 435 363 542
L 556
A 2 433 363 544
O 2 2 541 543 545
L 557
A 2 449 368 547
L 558
A 2 385 383 549
L 559
A 2 401 378 551
L 560
A 2 399 373 553
O 2 2 550 552 554
L 561
A 2 392 387 556
L 562
A 2 408 406 558
L 563
A 2 401 406 560
L 564
A 2 399 397 562
O 2 2 559 561 563
L 565
A 2 412 410 565
L 566
A 2 419 417 567
L 567
A 2 435 440 569
L 568
A 2 433 440 571
O 2 2 568 570 572
L 569
A 2 426 424 574
L 570
A 2 442 440 576
L 571
A 2 435 440 578
L 572
A 2 433 431 580
O 2 2 577 579 581
L 573
A 2 449 447 583
L 574
A 2 467 465 585
L 575
A 2 458 456 587
O 2 2 586 588
L 576
A 2 485 483 590
L 577
A 2 476 474 592
O 2 2 591 593
L 578
A 2 503 501 595
L 579
A 2 494 492 597
O 2 2 596 598
L 580
A 2 521 519 600
L 581
A 2 512 510 602
O 2 2 601 603
L 582
A 2 566 564 605
L 583
A 2 530 528 607
O 2 2 606 608
L 584
A 2 548 546 610
L 585
A 2 539 537 612
O 2 2 611 613
L 586
A 2 566 564 615
L 587
A 2 557 555 617
O 2 2 616 618
L 588
A 2 584 582 620
L 589
A 2 575 573 622
O 2 2 621 623
L 590
A 2 624 619 625
L 591
A 2 614 609 627
L 592
A 2 604 599 629
L 593
A 2 594 589 631
O 2 2 626 628 630 632
L 66
L 594
L 595
L 596
A 2 634 635
A 2 636 637
O 2 2 638 639
L 597
A 2 640 633 641
